iname,fusion,adq2,blk
dev_0001.tif ,0.2989, 0.0000, 0.2989
dev_0002.jpg ,0.8565, 0.8569, 0.9601
dev_0003.jpg ,0.9831, 0.9903, 0.9798
dev_0004.tif ,0.9849, 0.0000, 0.9849
dev_0005.jpg ,0.9399, 0.0000, 0.9399
dev_0006.tif ,0.1498, 0.0000, 0.4047
dev_0007.tif ,0.8732, 0.0000, 0.8732
dev_0008.tif ,0.7582, 0.0000, 0.7582
dev_0009.jpg ,0.3266, 0.9407, 0.3182
dev_0010.jpg ,0.9058, 0.0000, 0.9058
dev_0011.jpg ,0.5560, 0.9906, 0.4148
dev_0012.jpg ,0.4868, 0.3729, 0.4892
dev_0013.tif ,0.6848, 0.0000, 0.6848
dev_0014.tif ,0.5744, 0.0000, 0.0000
dev_0015.tif ,0.6798, 0.0000, 0.6798
dev_0016.tif ,0.6792, 0.0000, 0.6792
dev_0017.jpg ,0.7681, 0.8869, 0.7694
dev_0018.jpg ,0.6944, 0.7894, 0.7451
dev_0019.tif ,0.3460, 0.0000, 0.3460
dev_0020.tif ,0.4359, 0.0000, 0.4359
dev_0021.tif ,0.9293, 0.0000, 0.9293
dev_0022.tif ,0.6857, 0.0000, 0.6857
dev_0023.tif ,0.4405, 0.0000, 0.4405
dev_0024.tif ,0.9788, 0.0000, 0.9788
dev_0025.tif ,0.8874, 0.0000, 0.8874
dev_0026.tif ,0.8317, 0.0000, 0.8317
dev_0027.tif ,0.4507, 0.0000, 0.4507
dev_0028.tif ,0.4861, 0.0000, 0.4861
dev_0029.tif ,0.1864, 0.0000, 0.1864
dev_0030.tif ,0.1309, 0.0000, 0.1309
dev_0031.jpg ,0.9652, 0.9828, 0.9690
dev_0032.tif ,0.4722, 0.0000, 0.4722
dev_0033.tif ,0.3265, 0.0000, 0.0088
dev_0034.tif ,0.7073, 0.0000, 0.7073
dev_0035.tif ,0.2952, 0.0000, 0.2952
dev_0036.tif ,0.9656, 0.0000, 0.9656
dev_0037.tif ,0.0000, 0.0000, 0.0000
dev_0038.jpg ,0.4200, 0.9855, 0.4152
dev_0039.tif ,0.0000, 0.0000, 0.0000
dev_0040.tif ,0.0408, 0.0000, 0.0408
dev_0041.jpg ,0.9306, 0.9300, 0.9343
dev_0042.tif ,0.0430, 0.0000, 0.0430
dev_0043.tif ,0.3005, 0.0000, 0.0674
dev_0044.tif ,0.6525, 0.0000, 0.6525
dev_0045.tif ,0.5105, 0.0000, 0.5105
dev_0046.jpg ,0.0102, 0.0000, 0.0102
dev_0047.tif ,0.4412, 0.0000, 0.4412
dev_0048.jpg ,0.7015, 0.0000, 0.7015
dev_0049.jpg ,0.7203, 0.9825, 0.7008
dev_0050.tif ,0.4780, 0.0000, 0.4780
dev_0051.tif ,0.5560, 0.0000, 0.5560
dev_0052.jpg ,0.0908, 0.0000, 0.0908
dev_0053.tif ,0.1404, 0.0000, 0.1404
dev_0054.tif ,0.3934, 0.0000, 0.3934
dev_0055.tif ,0.9752, 0.0000, 0.9752
dev_0056.jpg ,0.2855, 0.0000, 0.2855
dev_0057.jpg ,0.9445, 0.8567, 0.9389
dev_0058.tif ,0.2167, 0.0000, 0.2167
dev_0059.jpg ,0.9855, 0.9860, 0.9905
dev_0060.tif ,0.6422, 0.0000, 0.6422
dev_0061.tif ,0.1661, 0.0000, 0.1661
dev_0062.jpg ,0.8985, 0.0000, 0.8985
dev_0063.tif ,0.9671, 0.0000, 0.9671
dev_0064.tif ,0.9619, 0.0000, 0.9619
dev_0065.tif ,0.8437, 0.0000, 0.8437
dev_0066.tif ,0.8977, 0.0000, 0.8977
dev_0067.tif ,0.6346, 0.0000, 0.6346
dev_0068.tif ,0.0000, 0.0000, 0.0000
dev_0069.tif ,0.9780, 0.0000, 0.9780
dev_0070.tif ,0.8483, 0.0000, 0.8483
dev_0071.tif ,0.7407, 0.0000, 0.7407
dev_0072.tif ,0.3671, 0.0000, 0.0850
dev_0073.tif ,0.8567, 0.0000, 0.8567
dev_0074.jpg ,0.2563, 0.1966, 0.2580
dev_0075.tif ,0.8099, 0.0000, 0.8099
dev_0076.tif ,0.8666, 0.0000, 0.8666
dev_0077.jpg ,0.0000, 0.0000, 0.0000
dev_0078.tif ,0.6591, 0.0000, 0.6591
dev_0079.jpg ,0.2967, 0.9765, 0.0000
dev_0080.jpg ,0.3656, 0.9540, 0.1964
dev_0081.tif ,0.8571, 0.0000, 0.8571
dev_0082.tif ,0.9913, 0.0000, 0.9913
dev_0083.tif ,0.9882, 0.0000, 0.9882
dev_0084.jpg ,0.5852, 0.0000, 0.5852
dev_0085.jpg ,0.7329, 0.9578, 0.7369
dev_0086.tif ,0.7838, 0.0000, 0.7838
dev_0087.tif ,0.3751, 0.0000, 0.3751
dev_0088.tif ,0.6544, 0.0000, 0.6544
dev_0089.jpg ,0.8662, 0.9589, 0.8593
dev_0090.tif ,0.2835, 0.0000, 0.2835
dev_0091.jpg ,0.3975, 0.0000, 0.3975
dev_0092.tif ,0.6817, 0.0000, 0.6817
dev_0093.tif ,0.3378, 0.0000, 0.3378
dev_0094.tif ,0.5735, 0.0000, 0.0162
dev_0095.jpg ,0.7007, 0.2867, 0.6261
dev_0096.tif ,0.0417, 0.0000, 0.0417
dev_0097.tif ,0.0000, 0.0000, 0.0000
dev_0098.tif ,0.8563, 0.0000, 0.8563
dev_0099.jpg ,0.3172, 0.9458, 0.1216
dev_0100.jpg ,0.1608, 0.0000, 0.1608
dev_0101.tif ,0.0089, 0.0000, 0.0089
dev_0102.tif ,0.0009, 0.0000, 0.0009
dev_0103.tif ,0.8150, 0.0000, 0.8150
dev_0104.tif ,0.0157, 0.0000, 0.0157
dev_0105.tif ,0.4105, 0.0000, 0.0000
dev_0106.jpg ,0.9121, 0.9734, 0.9202
dev_0107.tif ,0.6994, 0.0000, 0.6994
dev_0108.jpg ,0.5439, 0.0000, 0.5439
dev_0109.jpg ,0.8504, 0.9900, 0.8449
dev_0110.tif ,0.8953, 0.0000, 0.8953
dev_0111.tif ,0.6377, 0.0000, 0.6377
dev_0112.tif ,0.1325, 0.0000, 0.1325
dev_0113.tif ,0.2673, 0.0000, 0.2673
dev_0114.tif ,0.9935, 0.0000, 0.9935
dev_0115.tif ,0.8109, 0.0000, 0.8109
dev_0116.tif ,0.0156, 0.0000, 0.0156
dev_0117.tif ,0.1018, 0.0000, 0.1018
dev_0118.tif ,0.1047, 0.0000, 0.1047
dev_0119.jpg ,0.2490, 0.9038, 0.0586
dev_0120.tif ,0.9888, 0.0000, 0.9888
dev_0121.jpg ,0.0912, 0.0000, 0.0912
dev_0122.tif ,0.8932, 0.0000, 0.8932
dev_0123.tif ,0.3459, 0.0000, 0.3459
dev_0124.jpg ,0.2498, 0.0000, 0.2498
dev_0125.tif ,0.5695, 0.0000, 0.5695
dev_0126.tif ,0.7106, 0.0000, 0.7106
dev_0127.tif ,0.0367, 0.0000, 0.0367
dev_0128.jpg ,0.3720, 0.9788, 0.0894
dev_0129.jpg ,0.6180, 0.0000, 0.6180
dev_0130.tif ,0.8127, 0.0000, 0.8127
dev_0131.tif ,0.0922, 0.0000, 0.0922
dev_0132.jpg ,0.5304, 0.9313, 0.4983
dev_0133.tif ,0.0400, 0.0000, 0.0000
dev_0134.tif ,0.3934, 0.0000, 0.3934
dev_0135.tif ,0.3950, 0.0000, 0.3950
dev_0136.tif ,0.8586, 0.0000, 0.8586
dev_0137.tif ,0.6721, 0.0000, 0.6721
dev_0138.tif ,0.5867, 0.0000, 0.5867
dev_0139.tif ,0.3940, 0.0000, 0.3940
dev_0140.tif ,0.7240, 0.0000, 0.7240
dev_0141.tif ,0.2623, 0.0000, 0.0412
dev_0142.tif ,0.7843, 0.0000, 0.7843
dev_0143.jpg ,0.0000, 0.0000, 0.0000
dev_0144.tif ,0.4051, 0.0000, 0.0000
dev_0145.tif ,0.9657, 0.0000, 0.9657
dev_0146.tif ,0.8684, 0.0000, 0.8684
dev_0147.jpg ,0.9836, 0.9908, 0.9854
dev_0148.jpg ,0.9327, 0.9579, 0.9256
dev_0149.tif ,0.3063, 0.0000, 0.3063
dev_0150.jpg ,0.4607, 0.9893, 0.4971
dev_0151.tif ,0.9297, 0.0000, 0.9297
dev_0152.tif ,0.9881, 0.0000, 0.9881
dev_0153.tif ,0.3800, 0.0000, 0.3800
dev_0154.jpg ,0.5117, 0.1281, 0.5090
dev_0155.tif ,0.0950, 0.0000, 0.0950
dev_0156.tif ,0.9704, 0.0000, 0.9704
dev_0157.tif ,0.7548, 0.0000, 0.7548
dev_0158.jpg ,0.2112, 0.9847, 0.2112
dev_0159.tif ,0.1757, 0.0000, 0.1757
dev_0160.tif ,0.8366, 0.0000, 0.8366
dev_0161.tif ,0.0000, 0.0000, 0.0000
dev_0162.tif ,0.1541, 0.0000, 0.1541
dev_0163.tif ,0.9821, 0.0000, 0.9821
dev_0164.jpg ,0.6551, 0.8744, 0.6606
dev_0165.jpg ,0.9793, 0.9860, 0.9834
dev_0166.tif ,0.2962, 0.0000, 0.0133
dev_0167.tif ,0.6520, 0.0000, 0.6520
dev_0168.tif ,0.9346, 0.0000, 0.9346
dev_0169.tif ,0.3144, 0.0000, 0.3144
dev_0170.jpg ,0.0013, 0.0000, 0.0013
dev_0171.tif ,0.1498, 0.0000, 0.1498
dev_0172.tif ,0.9410, 0.0000, 0.9410
dev_0173.jpg ,0.9669, 0.8426, 0.9466
dev_0174.tif ,0.9855, 0.0000, 0.9855
dev_0175.tif ,0.1739, 0.0000, 0.1739
dev_0176.jpg ,0.8119, 0.0000, 0.8119
dev_0177.tif ,0.9321, 0.0000, 0.9321
dev_0178.jpg ,0.0776, 0.0000, 0.0776
dev_0179.tif ,0.2580, 0.0000, 0.2580
dev_0180.jpg ,0.3080, 0.9759, 0.1621
dev_0181.jpg ,0.0014, 0.0000, 0.0014
dev_0182.tif ,0.9890, 0.0000, 0.9890
dev_0183.tif ,0.0159, 0.0000, 0.0159
dev_0184.jpg ,0.1611, 0.9538, 0.0603
dev_0185.jpg ,0.9866, 0.9643, 0.9794
dev_0186.tif ,0.7021, 0.0000, 0.7021
dev_0187.jpg ,0.1803, 0.0000, 0.0539
dev_0188.jpg ,0.4813, 0.5073, 0.4811
dev_0189.tif ,0.7673, 0.0000, 0.7673
dev_0190.tif ,0.9239, 0.0000, 0.9239
dev_0191.jpg ,0.8826, 0.0000, 0.8826
dev_0192.tif ,0.9891, 0.0000, 0.9891
dev_0193.jpg ,0.4464, 0.0000, 0.4464
dev_0194.jpg ,0.8078, 0.9528, 0.8029
dev_0195.tif ,0.6394, 0.0000, 0.6394
dev_0196.tif ,0.7289, 0.0000, 0.7289
dev_0197.tif ,0.8033, 0.0000, 0.8033
dev_0198.tif ,0.9155, 0.0000, 0.9155
dev_0199.tif ,0.6655, 0.0000, 0.6655
dev_0200.tif ,0.8443, 0.0000, 0.8443
dev_0201.tif ,0.9742, 0.0000, 0.9742
dev_0202.jpg ,0.9250, 0.0000, 0.9250
dev_0203.tif ,0.0000, 0.0000, 0.0000
dev_0204.tif ,0.6886, 0.0000, 0.6886
dev_0205.tif ,0.0659, 0.0000, 0.0000
dev_0206.jpg ,0.4697, 0.9707, 0.4637
dev_0207.tif ,0.9572, 0.0000, 0.9572
dev_0208.jpg ,0.0000, 0.0000, 0.0000
dev_0209.jpg ,0.9546, 0.9841, 0.9536
dev_0210.tif ,0.8375, 0.0000, 0.8375
dev_0211.jpg ,0.8974, 0.9391, 0.9059
dev_0212.tif ,0.2896, 0.0000, 0.2896
dev_0213.tif ,0.6069, 0.0000, 0.6069
dev_0214.tif ,0.8387, 0.0000, 0.8387
dev_0215.jpg ,0.8696, 0.0000, 0.8696
dev_0216.tif ,0.0000, 0.0000, 0.0000
dev_0217.tif ,0.9942, 0.0000, 0.9942
dev_0218.tif ,0.8147, 0.0000, 0.8147
dev_0219.tif ,0.9505, 0.0000, 0.9505
dev_0220.tif ,0.9789, 0.0000, 0.9789
dev_0221.jpg ,0.3198, 0.0000, 0.0000
dev_0222.tif ,0.4474, 0.0000, 0.4474
dev_0223.jpg ,0.5658, 0.3369, 0.5682
dev_0224.jpg ,0.8657, 0.0000, 0.8657
dev_0225.tif ,0.5441, 0.0000, 0.0634
dev_0226.jpg ,0.9696, 0.0000, 0.9696
dev_0227.jpg ,0.9210, 0.0000, 0.9210
dev_0228.tif ,0.7340, 0.0000, 0.7340
dev_0229.jpg ,0.4585, 0.0000, 0.4585
dev_0230.jpg ,0.6949, 0.0055, 0.6945
dev_0231.tif ,0.8609, 0.0000, 0.8609
dev_0232.jpg ,0.5779, 0.0000, 0.5779
dev_0233.tif ,0.1191, 0.0000, 0.1191
dev_0234.tif ,0.5038, 0.0000, 0.5038
dev_0235.tif ,0.5264, 0.0000, 0.5264
dev_0236.tif ,0.9461, 0.0000, 0.9461
dev_0237.tif ,0.9539, 0.0000, 0.9539
dev_0238.tif ,0.4191, 0.0000, 0.0149
dev_0239.tif ,0.8700, 0.0000, 0.8700
dev_0240.tif ,0.7921, 0.0000, 0.7921
dev_0241.tif ,0.1708, 0.0000, 0.1708
dev_0242.tif ,0.9343, 0.0000, 0.9343
dev_0243.tif ,0.5109, 0.0000, 0.5109
dev_0244.tif ,0.1356, 0.0000, 0.0000
dev_0245.tif ,0.0000, 0.0000, 0.0000
dev_0246.tif ,0.8220, 0.0000, 0.8220
dev_0247.jpg ,0.9702, 0.9839, 0.9762
dev_0248.tif ,0.9443, 0.0000, 0.9443
dev_0249.jpg ,0.5048, 0.6653, 0.5128
dev_0250.jpg ,0.2798, 0.9600, 0.0012
dev_0251.tif ,0.9396, 0.0000, 0.9396
dev_0252.tif ,0.6129, 0.0000, 0.6129
dev_0253.jpg ,0.9275, 0.9653, 0.9437
dev_0254.jpg ,0.5876, 0.2127, 0.5884
dev_0255.tif ,0.0001, 0.0000, 0.0001
dev_0256.tif ,0.0103, 0.0000, 0.0103
dev_0257.tif ,0.5511, 0.0000, 0.5511
dev_0258.tif ,0.1437, 0.0000, 0.1437
dev_0259.tif ,0.9917, 0.0000, 0.9917
dev_0260.tif ,0.7361, 0.0000, 0.7361
dev_0261.tif ,0.7699, 0.0000, 0.7699
dev_0262.tif ,0.6077, 0.0000, 0.6077
dev_0263.jpg ,0.9508, 0.9829, 0.9535
dev_0264.tif ,0.2029, 0.0000, 0.2029
dev_0265.tif ,0.0000, 0.0000, 0.8246
dev_0266.jpg ,0.3689, 0.9913, 0.0003
dev_0267.jpg ,0.6403, 0.0313, 0.6549
dev_0268.tif ,0.2348, 0.0000, 0.2348
dev_0269.tif ,0.3489, 0.0000, 0.3489
dev_0270.tif ,0.8451, 0.0000, 0.8451
dev_0271.tif ,0.7043, 0.0000, 0.0106
dev_0272.jpg ,0.2530, 0.8977, 0.1521
dev_0273.tif ,0.6475, 0.0000, 0.6475
dev_0274.jpg ,0.1875, 0.9867, 0.0000
dev_0275.tif ,0.1136, 0.0000, 0.0000
dev_0276.jpg ,0.7641, 0.8896, 0.8242
dev_0277.tif ,0.5524, 0.0000, 0.5524
dev_0278.tif ,0.1271, 0.0000, 0.1271
dev_0279.jpg ,0.4513, 0.4760, 0.2216
dev_0280.jpg ,0.6171, 0.0000, 0.6171
dev_0281.tif ,0.7187, 0.0000, 0.7187
dev_0282.jpg ,0.4727, 0.9538, 0.3977
dev_0283.tif ,0.0000, 0.0000, 0.0000
dev_0284.jpg ,0.5529, 0.4167, 0.5421
dev_0285.tif ,0.9404, 0.0000, 0.9404
dev_0286.jpg ,0.0040, 0.0043, 0.0000
dev_0287.tif ,0.6304, 0.0000, 0.6304
dev_0288.tif ,0.1255, 0.0000, 0.1255
dev_0289.tif ,0.8827, 0.0000, 0.8827
dev_0290.tif ,0.9136, 0.0000, 0.9136
dev_0291.tif ,0.4915, 0.0000, 0.4915
dev_0292.jpg ,0.4232, 0.9834, 0.4158
dev_0293.tif ,0.0963, 0.0000, 0.0963
dev_0294.jpg ,0.6988, 0.9800, 0.6560
dev_0295.tif ,0.4239, 0.0000, 0.4239
dev_0296.jpg ,0.6753, 0.0000, 0.6753
dev_0297.tif ,0.3406, 0.0000, 0.3406
dev_0298.tif ,0.7159, 0.0000, 0.7159
dev_0299.tif ,0.0074, 0.0000, 0.0074
dev_0300.tif ,0.0463, 0.0000, 0.0463
dev_0301.tif ,0.6999, 0.0000, 0.6999
dev_0302.tif ,0.6811, 0.0000, 0.6811
dev_0303.jpg ,0.5952, 0.0000, 0.0260
dev_0304.tif ,0.2246, 0.0000, 0.2246
dev_0305.tif ,0.7221, 0.0000, 0.7221
dev_0306.tif ,0.0084, 0.0000, 0.0084
dev_0307.tif ,0.1733, 0.0000, 0.1733
dev_0308.tif ,0.0000, 0.0000, 0.0000
dev_0309.tif ,0.2183, 0.0000, 0.2183
dev_0310.jpg ,0.0553, 0.0384, 0.0532
dev_0311.jpg ,0.6598, 0.9922, 0.6592
dev_0312.tif ,0.9129, 0.0000, 0.9129
dev_0313.tif ,0.9728, 0.0000, 0.9728
dev_0314.tif ,0.3007, 0.0000, 0.3007
dev_0315.tif ,0.6336, 0.0000, 0.6336
dev_0316.tif ,0.8306, 0.0000, 0.8306
dev_0317.tif ,0.9372, 0.0000, 0.9372
dev_0318.jpg ,0.7532, 0.9582, 0.7534
dev_0319.tif ,0.9756, 0.0000, 0.9756
dev_0320.jpg ,0.9332, 0.0000, 0.9332
dev_0321.jpg ,0.8269, 0.8936, 0.8695
dev_0322.jpg ,0.7065, 0.9705, 0.6916
dev_0323.tif ,0.2614, 0.0000, 0.2614
dev_0324.tif ,0.8775, 0.0000, 0.8775
dev_0325.tif ,0.9790, 0.0000, 0.9790
dev_0326.tif ,0.0000, 0.0000, 0.0000
dev_0327.tif ,0.8698, 0.0000, 0.8698
dev_0328.tif ,0.9268, 0.0000, 0.9268
dev_0329.jpg ,0.2710, 0.9397, 0.0000
dev_0330.tif ,0.8566, 0.0000, 0.8566
dev_0331.tif ,0.0001, 0.0000, 0.0000
dev_0332.tif ,0.2973, 0.0000, 0.0073
dev_0333.jpg ,0.9843, 0.9846, 0.9507
dev_0334.tif ,0.6630, 0.0000, 0.6630
dev_0335.tif ,0.3467, 0.0000, 0.3467
dev_0336.tif ,0.8648, 0.0000, 0.8648
dev_0337.jpg ,0.3530, 0.9898, 0.0000
dev_0338.jpg ,0.1159, 0.0000, 0.1159
dev_0339.jpg ,0.6149, 0.9585, 0.2622
dev_0340.tif ,0.6430, 0.0000, 0.6430
dev_0341.tif ,0.0153, 0.0000, 0.0153
dev_0342.jpg ,0.1034, 0.5904, 0.0072
dev_0343.jpg ,0.9524, 0.9868, 0.9524
dev_0344.tif ,0.9038, 0.0000, 0.9038
dev_0345.tif ,0.0282, 0.0000, 0.0000
dev_0346.tif ,0.5764, 0.0000, 0.5764
dev_0347.jpg ,0.3116, 0.9764, 0.0000
dev_0348.jpg ,0.7060, 0.0000, 0.7060
dev_0349.tif ,0.9861, 0.0000, 0.9861
dev_0350.tif ,0.8259, 0.0000, 0.8259
dev_0351.tif ,0.9060, 0.0000, 0.9060
dev_0352.jpg ,0.8462, 0.0000, 0.8462
dev_0353.jpg ,0.2974, 0.0000, 0.2974
dev_0354.tif ,0.9481, 0.0000, 0.9481
dev_0355.jpg ,0.8649, 0.7727, 0.6655
dev_0356.tif ,0.9605, 0.0000, 0.9605
dev_0357.jpg ,0.2409, 0.9551, 0.0097
dev_0358.jpg ,0.7665, 0.9474, 0.7603
dev_0359.tif ,0.0169, 0.0000, 0.0169
dev_0360.tif ,0.3245, 0.0000, 0.0000
dev_0361.tif ,0.6992, 0.0000, 0.6992
dev_0362.tif ,0.2977, 0.0000, 0.2977
dev_0363.tif ,0.7744, 0.0000, 0.7744
dev_0364.tif ,0.9277, 0.0000, 0.9277
dev_0365.tif ,0.5436, 0.0000, 0.0000
dev_0366.tif ,0.3777, 0.0000, 0.3777
dev_0367.jpg ,0.9828, 0.9727, 0.7591
dev_0368.tif ,0.7335, 0.0000, 0.7335
dev_0369.tif ,0.7257, 0.0000, 0.7257
dev_0370.tif ,0.6397, 0.0000, 0.6397
dev_0371.tif ,0.8562, 0.0000, 0.8562
dev_0372.tif ,0.7089, 0.0000, 0.7089
dev_0373.jpg ,0.4125, 0.9777, 0.0007
dev_0374.tif ,0.7193, 0.0000, 0.7193
dev_0375.jpg ,0.2403, 0.0000, 0.0000
dev_0376.tif ,0.7329, 0.0000, 0.7329
dev_0377.tif ,0.4604, 0.0000, 0.4604
dev_0378.tif ,0.4560, 0.0000, 0.4560
dev_0379.jpg ,0.6095, 0.9801, 0.6030
dev_0380.tif ,0.2158, 0.0000, 0.2158
dev_0381.tif ,0.8736, 0.0000, 0.8736
dev_0382.tif ,0.8973, 0.0000, 0.8973
dev_0383.tif ,0.0573, 0.0000, 0.0573
dev_0384.tif ,0.1290, 0.0000, 0.0260
dev_0385.tif ,0.8579, 0.0000, 0.8579
dev_0386.tif ,0.4517, 0.0000, 0.4517
dev_0387.tif ,0.0000, 0.0000, 0.0000
dev_0388.tif ,0.9276, 0.0000, 0.9276
dev_0389.jpg ,0.8053, 0.9877, 0.7218
dev_0390.tif ,0.7392, 0.0000, 0.7392
dev_0391.tif ,0.9394, 0.0000, 0.9394
dev_0392.tif ,0.1060, 0.0000, 0.0000
dev_0393.tif ,0.3035, 0.0000, 0.3035
dev_0394.tif ,0.9885, 0.0000, 0.9885
dev_0395.jpg ,0.4691, 0.0000, 0.0199
dev_0396.tif ,0.0000, 0.0000, 0.0000
dev_0397.tif ,0.5527, 0.0000, 0.5527
dev_0398.jpg ,0.9525, 0.9823, 0.9571
dev_0399.jpg ,0.8466, 0.8922, 0.5909
dev_0400.jpg ,0.8678, 0.9374, 0.8902
dev_0401.tif ,0.5494, 0.0000, 0.5494
dev_0402.tif ,0.8517, 0.0000, 0.8517
dev_0403.tif ,0.0698, 0.0000, 0.0698
dev_0404.jpg ,0.9709, 0.9918, 0.9647
dev_0405.jpg ,0.7197, 0.9258, 0.6903
dev_0406.tif ,0.2226, 0.0000, 0.0335
dev_0407.jpg ,0.2079, 0.1724, 0.1112
dev_0408.jpg ,0.0000, 0.0000, 0.0000
dev_0409.jpg ,0.9567, 0.9908, 0.9545
dev_0410.jpg ,0.1473, 0.9797, 0.1473
dev_0411.jpg ,0.9344, 0.9759, 0.9405
dev_0412.tif ,0.4609, 0.0000, 0.4609
dev_0413.tif ,0.6004, 0.0000, 0.6004
dev_0414.tif ,0.9804, 0.0000, 0.9804
dev_0415.tif ,0.2346, 0.0000, 0.2346
dev_0416.tif ,0.4754, 0.0000, 0.0000
dev_0417.tif ,0.7995, 0.0000, 0.7995
dev_0418.tif ,0.6858, 0.0000, 0.6858
dev_0419.tif ,0.7265, 0.0000, 0.7265
dev_0420.jpg ,0.8290, 0.0000, 0.8290
dev_0421.tif ,0.4726, 0.0000, 0.4726
dev_0422.jpg ,0.9869, 0.0000, 0.9870
dev_0423.tif ,0.5617, 0.0000, 0.5617
dev_0424.tif ,0.0000, 0.0000, 0.0000
dev_0425.tif ,0.9921, 0.0000, 0.9921
dev_0426.tif ,0.7646, 0.0000, 0.7646
dev_0427.tif ,0.8627, 0.0000, 0.8627
dev_0428.tif ,0.6636, 0.0000, 0.6636
dev_0429.jpg ,0.7261, 0.8946, 0.7539
dev_0430.tif ,0.4042, 0.0000, 0.4042
dev_0431.tif ,0.5159, 0.0000, 0.5159
dev_0432.tif ,0.2187, 0.0000, 0.2187
dev_0433.tif ,0.8233, 0.0000, 0.8233
dev_0434.tif ,0.0000, 0.0000, 0.0000
dev_0435.tif ,0.5175, 0.0000, 0.5175
dev_0436.tif ,0.4452, 0.0000, 0.4452
dev_0437.tif ,0.8435, 0.0000, 0.8435
dev_0438.tif ,0.0000, 0.0000, 0.0000
dev_0439.tif ,0.3356, 0.0000, 0.3356
dev_0440.jpg ,0.0002, 0.0007, 0.0000
dev_0441.jpg ,0.9813, 0.9832, 0.9638
dev_0442.tif ,0.6717, 0.0000, 0.6717
dev_0443.tif ,0.6260, 0.0000, 0.6260
dev_0444.tif ,0.7196, 0.0000, 0.7196
dev_0445.jpg ,0.1446, 0.2670, 0.0814
dev_0446.tif ,0.0000, 0.0000, 0.0000
dev_0447.tif ,0.5411, 0.0000, 0.5411
dev_0448.tif ,0.6656, 0.0000, 0.6656
dev_0449.tif ,0.9172, 0.0000, 0.9172
dev_0450.tif ,0.9816, 0.0000, 0.9816
dev_0451.tif ,0.0000, 0.0000, 0.0000
dev_0452.jpg ,0.9254, 0.9775, 0.9166
dev_0453.tif ,0.1995, 0.0000, 0.0000
dev_0454.jpg ,0.9026, 0.7971, 0.9112
dev_0455.tif ,0.6615, 0.0000, 0.6615
dev_0456.jpg ,0.6942, 0.7410, 0.2453
dev_0457.tif ,0.3510, 0.0000, 0.2921
dev_0458.tif ,0.5078, 0.0000, 0.5078
dev_0459.tif ,0.1127, 0.0000, 0.1127
dev_0460.tif ,0.9807, 0.0000, 0.9807
dev_0461.tif ,0.7414, 0.0000, 0.7414
dev_0462.jpg ,0.6715, 0.8300, 0.7227
dev_0463.tif ,0.9599, 0.0000, 0.9599
dev_0464.tif ,0.2152, 0.0000, 0.2152
dev_0465.jpg ,0.4218, 0.0000, 0.0000
dev_0466.jpg ,0.6406, 0.9773, 0.0058
dev_0467.jpg ,0.8918, 0.9470, 0.8901
dev_0468.tif ,0.5357, 0.0000, 0.5357
dev_0469.tif ,0.7037, 0.0000, 0.7037
dev_0470.tif ,0.5283, 0.0000, 0.5283
dev_0471.tif ,0.6967, 0.0000, 0.6967
dev_0472.tif ,0.0000, 0.0000, 0.0000
dev_0473.tif ,0.8966, 0.0000, 0.8966
dev_0474.tif ,0.7388, 0.0000, 0.7388
dev_0475.jpg ,0.6024, 0.8010, 0.6116
dev_0476.jpg ,0.8868, 0.9817, 0.8789
dev_0477.jpg ,0.8372, 0.0000, 0.8372
dev_0478.tif ,0.4359, 0.0000, 0.4359
dev_0479.jpg ,0.8037, 0.9865, 0.7975
dev_0480.tif ,0.0009, 0.0000, 0.0009
dev_0481.jpg ,0.6099, 0.8402, 0.6169
dev_0482.jpg ,0.2742, 0.7136, 0.2669
dev_0483.tif ,0.9594, 0.0000, 0.9594
dev_0484.jpg ,0.9006, 0.9423, 0.8930
dev_0485.tif ,0.7842, 0.0000, 0.7842
dev_0486.jpg ,0.4548, 0.0000, 0.4548
dev_0487.tif ,0.5502, 0.0000, 0.5502
dev_0488.jpg ,0.7119, 0.0000, 0.7119
dev_0489.tif ,0.9864, 0.0000, 0.9864
dev_0490.jpg ,0.9319, 0.9858, 0.9341
dev_0491.tif ,0.9812, 0.0000, 0.9812
dev_0492.jpg ,0.5601, 0.7961, 0.5577
dev_0493.jpg ,0.8785, 0.9070, 0.9322
dev_0494.tif ,0.1070, 0.0000, 0.1070
dev_0495.tif ,0.0001, 0.0000, 0.0001
dev_0496.tif ,0.4661, 0.0000, 0.0000
dev_0497.tif ,0.0492, 0.0000, 0.0492
dev_0498.jpg ,0.9880, 0.9866, 0.9881
dev_0499.tif ,0.6716, 0.0000, 0.0000
dev_0500.tif ,0.0378, 0.0000, 0.0378
dev_0501.jpg ,0.1406, 0.0000, 0.1406
dev_0502.jpg ,0.0000, 0.0000, 0.0000
dev_0503.jpg ,0.9643, 0.0000, 0.9643
dev_0504.tif ,0.0000, 0.0000, 0.0000
dev_0505.tif ,0.9200, 0.0000, 0.9200
dev_0506.jpg ,0.7620, 0.0000, 0.7620
dev_0507.tif ,0.3549, 0.0000, 0.3549
dev_0508.jpg ,0.8583, 0.0000, 0.8583
dev_0509.tif ,0.0000, 0.0000, 0.2409
dev_0510.tif ,0.4611, 0.0000, 0.4611
dev_0511.tif ,0.7706, 0.0000, 0.7706
dev_0512.jpg ,0.9263, 0.0000, 0.9263
dev_0513.tif ,0.3053, 0.0000, 0.3053
dev_0514.jpg ,0.3650, 0.4211, 0.3283
dev_0515.tif ,0.3223, 0.0000, 0.3223
dev_0516.jpg ,0.2651, 0.9819, 0.0010
dev_0517.tif ,0.5808, 0.0000, 0.5808
dev_0518.tif ,0.3237, 0.0000, 0.0058
dev_0519.tif ,0.3071, 0.0000, 0.3071
dev_0520.tif ,0.8005, 0.0000, 0.8005
dev_0521.tif ,0.6106, 0.0000, 0.6106
dev_0522.tif ,0.9897, 0.0000, 0.9897
dev_0523.jpg ,0.3848, 0.7063, 0.3865
dev_0524.jpg ,0.8459, 0.9950, 0.5583
dev_0525.tif ,0.0427, 0.0000, 0.0427
dev_0526.tif ,0.5059, 0.0000, 0.5059
dev_0527.jpg ,0.9583, 0.9821, 0.9606
dev_0528.jpg ,0.9397, 0.9902, 0.9328
dev_0529.tif ,0.3787, 0.0000, 0.3787
dev_0530.tif ,0.0198, 0.0000, 0.0000
dev_0531.tif ,0.0000, 0.0000, 0.0000
dev_0532.jpg ,0.2867, 0.0000, 0.2867
dev_0533.tif ,0.6341, 0.0000, 0.6341
dev_0534.jpg ,0.2413, 0.9793, 0.0518
dev_0535.tif ,0.2312, 0.0000, 0.0212
dev_0536.tif ,0.3516, 0.0000, 0.3516
dev_0537.tif ,0.4468, 0.0000, 0.4468
dev_0538.tif ,0.9588, 0.0000, 0.9588
dev_0539.jpg ,0.6562, 0.9493, 0.6391
dev_0540.tif ,0.9881, 0.0000, 0.9881
dev_0541.tif ,0.7729, 0.0000, 0.7729
dev_0542.tif ,0.9078, 0.0000, 0.9078
dev_0543.tif ,0.3755, 0.0000, 0.3755
dev_0544.tif ,0.0003, 0.0000, 0.0003
dev_0545.tif ,0.6381, 0.0000, 0.6381
dev_0546.tif ,0.2084, 0.0000, 0.0000
dev_0547.tif ,0.5627, 0.0000, 0.5627
dev_0548.tif ,0.0021, 0.0000, 0.0021
dev_0549.tif ,0.9781, 0.0000, 0.9781
dev_0550.tif ,0.5195, 0.0000, 0.3257
dev_0551.tif ,0.8578, 0.0000, 0.8578
dev_0552.tif ,0.2121, 0.0000, 0.0502
dev_0553.jpg ,0.4545, 0.9434, 0.4398
dev_0554.jpg ,0.9422, 0.9888, 0.9343
dev_0555.tif ,0.9436, 0.0000, 0.9436
dev_0556.tif ,0.8474, 0.0000, 0.8474
dev_0557.tif ,0.2720, 0.0000, 0.2720
dev_0558.tif ,0.6842, 0.0000, 0.6842
dev_0559.jpg ,0.9533, 0.9544, 0.9780
dev_0560.jpg ,0.6523, 0.9851, 0.6462
dev_0561.tif ,0.7529, 0.0000, 0.7529
dev_0562.tif ,0.1082, 0.0000, 0.1082
dev_0563.tif ,0.9472, 0.0000, 0.9472
dev_0564.tif ,0.6957, 0.0000, 0.6957
dev_0565.tif ,0.3755, 0.0000, 0.3755
dev_0566.tif ,0.4034, 0.0000, 0.4034
dev_0567.tif ,0.8466, 0.0000, 0.8466
dev_0568.jpg ,0.2737, 0.9851, 0.2737
dev_0569.jpg ,0.2508, 0.9922, 0.3742
dev_0570.jpg ,0.8304, 0.9444, 0.8179
dev_0571.jpg ,0.8253, 0.8442, 0.9398
dev_0572.tif ,0.6262, 0.0000, 0.6262
dev_0573.tif ,0.9855, 0.0000, 0.9855
dev_0574.jpg ,0.0557, 0.0000, 0.0557
dev_0575.jpg ,0.3870, 0.9895, 0.3769
dev_0576.jpg ,0.2890, 0.0000, 0.2890
dev_0577.jpg ,0.1997, 0.8346, 0.0559
dev_0578.tif ,0.5333, 0.0000, 0.5333
dev_0579.jpg ,0.8037, 0.9447, 0.6122
dev_0580.tif ,0.0687, 0.0000, 0.0687
dev_0581.jpg ,0.9225, 0.9264, 0.9625
dev_0582.tif ,0.1245, 0.0000, 0.1245
dev_0583.tif ,0.8474, 0.0000, 0.8474
dev_0584.tif ,0.8992, 0.0000, 0.8992
dev_0585.jpg ,0.4470, 0.9912, 0.3861
dev_0586.jpg ,0.5602, 0.9160, 0.5569
dev_0587.tif ,0.0068, 0.0000, 0.0068
dev_0588.jpg ,0.5063, 0.9200, 0.0000
dev_0589.jpg ,0.4308, 0.0000, 0.4308
dev_0590.tif ,0.9878, 0.0000, 0.9878
dev_0591.tif ,0.9751, 0.0000, 0.9751
dev_0592.jpg ,0.6667, 0.9622, 0.6601
dev_0593.tif ,0.5531, 0.0000, 0.0000
dev_0594.tif ,0.7134, 0.0000, 0.7134
dev_0595.tif ,0.9669, 0.0000, 0.9669
dev_0596.tif ,0.8869, 0.0000, 0.8869
dev_0597.tif ,0.0006, 0.0000, 0.0006
dev_0598.tif ,0.7459, 0.0000, 0.7459
dev_0599.tif ,0.0842, 0.0000, 0.0842
dev_0600.jpg ,0.2878, 0.9900, 0.0039
dev_0601.tif ,0.6113, 0.0000, 0.6113
dev_0602.tif ,0.0071, 0.0000, 0.0000
dev_0603.tif ,0.6577, 0.0000, 0.6577
dev_0604.tif ,0.4360, 0.0000, 0.4360
dev_0605.jpg ,0.9892, 0.9906, 0.9921
dev_0606.jpg ,0.7729, 0.9715, 0.7277
dev_0607.jpg ,0.9490, 0.0000, 0.9490
dev_0608.jpg ,0.9683, 0.9859, 0.9530
dev_0609.jpg ,0.4467, 0.8417, 0.3823
dev_0610.tif ,0.1404, 0.0000, 0.1404
dev_0611.jpg ,0.3394, 0.9737, 0.0008
dev_0612.tif ,0.6867, 0.0000, 0.6867
dev_0613.tif ,0.5838, 0.0000, 0.5838
dev_0614.jpg ,0.8772, 0.9308, 0.5262
dev_0615.tif ,0.0000, 0.0000, 0.0000
dev_0616.tif ,0.9087, 0.0000, 0.9087
dev_0617.jpg ,0.9844, 0.0000, 0.9844
dev_0618.tif ,0.4820, 0.0000, 0.4820
dev_0619.jpg ,0.2966, 0.9788, 0.0000
dev_0620.tif ,0.8981, 0.0000, 0.8981
dev_0621.tif ,0.7039, 0.0000, 0.7039
dev_0622.tif ,0.8268, 0.0000, 0.8268
dev_0623.tif ,0.2006, 0.0000, 0.2006
dev_0624.jpg ,0.5457, 0.0000, 0.5457
dev_0625.jpg ,0.0829, 0.1930, 0.0069
dev_0626.tif ,0.9618, 0.0000, 0.9618
dev_0627.tif ,0.1504, 0.0000, 0.1504
dev_0628.jpg ,0.7534, 0.1697, 0.7328
dev_0629.tif ,0.8087, 0.0000, 0.8087
dev_0630.jpg ,0.0580, 0.0000, 0.0580
dev_0631.jpg ,0.9439, 0.9470, 0.9812
dev_0632.tif ,0.3825, 0.0000, 0.3825
dev_0633.tif ,0.1333, 0.0000, 0.1333
dev_0634.tif ,0.1357, 0.0000, 0.1357
dev_0635.tif ,0.9505, 0.0000, 0.9505
dev_0636.tif ,0.0966, 0.0000, 0.0966
dev_0637.jpg ,0.9314, 0.8541, 0.9335
dev_0638.tif ,0.0010, 0.0000, 0.0010
dev_0639.tif ,0.3525, 0.0000, 0.3525
dev_0640.tif ,0.4250, 0.0000, 0.0000
dev_0641.tif ,0.6992, 0.0000, 0.6992
dev_0642.tif ,0.7750, 0.0000, 0.7750
dev_0643.tif ,0.3281, 0.0000, 0.3281
dev_0644.tif ,0.5537, 0.0000, 0.5537
dev_0645.jpg ,0.7032, 0.9095, 0.4109
dev_0646.tif ,0.4911, 0.0000, 0.4911
dev_0647.tif ,0.8922, 0.0000, 0.8922
dev_0648.tif ,0.8922, 0.0000, 0.8922
dev_0649.tif ,0.9801, 0.0000, 0.9801
dev_0650.tif ,0.2731, 0.0000, 0.0000
dev_0651.jpg ,0.8964, 0.4485, 0.8653
dev_0652.jpg ,0.7671, 0.9760, 0.7684
dev_0653.jpg ,0.9266, 0.9731, 0.9248
dev_0654.tif ,0.9664, 0.0000, 0.9664
dev_0655.jpg ,0.4819, 0.9813, 0.4670
dev_0656.tif ,0.9482, 0.0000, 0.9482
dev_0657.tif ,0.9401, 0.0000, 0.9401
dev_0658.jpg ,0.8225, 0.3549, 0.8067
dev_0659.tif ,0.8340, 0.0000, 0.8340
dev_0660.jpg ,0.7804, 0.9499, 0.7802
dev_0661.tif ,0.8015, 0.0000, 0.8015
dev_0662.jpg ,0.2065, 0.9491, 0.3429
dev_0663.tif ,0.7320, 0.0000, 0.7320
dev_0664.tif ,0.9697, 0.0000, 0.9697
dev_0665.jpg ,0.5045, 0.0000, 0.5045
dev_0666.jpg ,0.9843, 0.9854, 0.9861
dev_0667.tif ,0.7734, 0.0000, 0.7734
dev_0668.jpg ,0.9530, 0.8174, 0.9660
dev_0669.tif ,0.9707, 0.0000, 0.9707
dev_0670.jpg ,0.0048, 0.0000, 0.0048
dev_0671.jpg ,0.8764, 0.0000, 0.8764
dev_0672.tif ,0.8507, 0.0000, 0.8507
dev_0673.tif ,0.3097, 0.0000, 0.0750
dev_0674.tif ,0.8512, 0.0000, 0.8512
dev_0675.tif ,0.8662, 0.0000, 0.8662
dev_0676.tif ,0.9285, 0.0000, 0.9285
dev_0677.tif ,0.9647, 0.0000, 0.9647
dev_0678.tif ,0.5022, 0.0000, 0.5022
dev_0679.tif ,0.2895, 0.0000, 0.2895
dev_0680.tif ,0.8369, 0.0000, 0.8369
dev_0681.tif ,0.2927, 0.0000, 0.2927
dev_0682.tif ,0.5449, 0.0000, 0.0129
dev_0683.jpg ,0.3479, 0.9841, 0.0005
dev_0684.jpg ,0.4993, 0.0000, 0.4993
dev_0685.jpg ,0.3702, 0.9811, 0.3701
dev_0686.jpg ,0.9941, 0.9941, 0.5133
dev_0687.tif ,0.7274, 0.0000, 0.7274
dev_0688.jpg ,0.3574, 0.9616, 0.0722
dev_0689.tif ,0.5355, 0.0000, 0.5355
dev_0690.jpg ,0.2421, 0.0000, 0.2421
dev_0691.tif ,0.0862, 0.0000, 0.0862
dev_0692.tif ,0.4998, 0.0000, 0.0129
dev_0693.tif ,0.8704, 0.0000, 0.8704
dev_0694.jpg ,0.0000, 0.0000, 0.0000
dev_0695.tif ,0.0000, 0.0000, 0.0000
dev_0696.tif ,0.8348, 0.0000, 0.8348
dev_0697.jpg ,0.9663, 0.0009, 0.9667
dev_0698.tif ,0.8172, 0.0000, 0.8172
dev_0699.tif ,0.5641, 0.0000, 0.5641
dev_0700.tif ,0.5740, 0.0000, 0.2659
dev_0701.tif ,0.3473, 0.0000, 0.3473
dev_0702.tif ,0.9792, 0.0000, 0.9792
dev_0703.tif ,0.8988, 0.0000, 0.8988
dev_0704.jpg ,0.1745, 0.9765, 0.0001
dev_0705.tif ,0.0000, 0.0000, 0.0000
dev_0706.tif ,0.1564, 0.0000, 0.1564
dev_0707.tif ,0.1191, 0.0000, 0.1191
dev_0708.jpg ,0.8363, 0.8309, 0.0958
dev_0709.jpg ,0.1962, 0.0000, 0.1962
dev_0710.jpg ,0.0000, 0.0000, 0.0000
dev_0711.jpg ,0.6004, 0.0000, 0.6004
dev_0712.tif ,0.0000, 0.0000, 0.0000
dev_0713.jpg ,0.7018, 0.9361, 0.6741
dev_0714.jpg ,0.1911, 0.0000, 0.0000
dev_0715.tif ,0.1872, 0.0000, 0.1872
dev_0716.jpg ,0.1461, 0.5645, 0.0495
dev_0717.tif ,0.6321, 0.0000, 0.6321
dev_0718.tif ,0.6604, 0.0000, 0.6604
dev_0719.jpg ,0.3859, 0.2343, 0.3845
dev_0720.tif ,0.4011, 0.0000, 0.4011
dev_0721.tif ,0.7093, 0.0000, 0.7093
dev_0722.tif ,0.1781, 0.0000, 0.1781
dev_0723.tif ,0.2761, 0.0000, 0.2761
dev_0724.jpg ,0.4073, 0.7431, 0.4032
dev_0725.tif ,0.8823, 0.0000, 0.8823
dev_0726.tif ,0.0220, 0.0000, 0.0220
dev_0727.jpg ,0.9917, 0.9904, 0.9904
dev_0728.tif ,0.0186, 0.0000, 0.0186
dev_0729.tif ,0.0755, 0.0000, 0.0000
dev_0730.tif ,0.6020, 0.0000, 0.6020
dev_0731.jpg ,0.0575, 0.0000, 0.0575
dev_0732.tif ,0.0001, 0.0000, 0.0001
dev_0733.jpg ,0.7383, 0.3787, 0.7407
dev_0734.tif ,0.8236, 0.0000, 0.8236
dev_0735.tif ,0.5671, 0.0000, 0.5671
dev_0736.tif ,0.4145, 0.0000, 0.4145
dev_0737.tif ,0.0465, 0.0000, 0.0465
dev_0738.tif ,0.9788, 0.0000, 0.9788
dev_0739.tif ,0.0000, 0.0000, 0.0000
dev_0740.tif ,0.9800, 0.0000, 0.9800
dev_0741.jpg ,0.7573, 0.0000, 0.7573
dev_0742.jpg ,0.3320, 0.9670, 0.3265
dev_0743.jpg ,0.7490, 0.9089, 0.7047
dev_0744.tif ,0.9480, 0.0000, 0.9480
dev_0745.tif ,0.7315, 0.0000, 0.7315
dev_0746.jpg ,0.6721, 0.9157, 0.4409
dev_0747.tif ,0.9862, 0.0000, 0.9862
dev_0748.tif ,0.9680, 0.0000, 0.9680
dev_0749.tif ,0.1248, 0.0000, 0.0412
dev_0750.tif ,0.5408, 0.0000, 0.5408
dev_0751.jpg ,0.8527, 0.9609, 0.0000
dev_0752.tif ,0.7616, 0.0000, 0.7616
dev_0753.jpg ,0.6596, 0.0712, 0.6468
dev_0754.jpg ,0.9454, 0.9744, 0.9527
dev_0755.tif ,0.1088, 0.0000, 0.1088
dev_0756.tif ,0.9857, 0.0000, 0.9857
dev_0757.jpg ,0.2273, 0.0002, 0.2272
dev_0758.jpg ,0.9851, 0.9849, 0.9847
dev_0759.jpg ,0.1563, 0.0000, 0.1563
dev_0760.jpg ,0.9393, 0.9733, 0.9520
dev_0761.jpg ,0.5778, 0.9855, 0.5741
dev_0762.tif ,0.6005, 0.0000, 0.6005
dev_0763.tif ,0.4810, 0.0000, 0.4810
dev_0764.tif ,0.6691, 0.0000, 0.6691
dev_0765.tif ,0.1391, 0.0000, 0.0293
dev_0766.tif ,0.8449, 0.0000, 0.8449
dev_0767.jpg ,0.4402, 0.9747, 0.4382
dev_0768.tif ,0.3934, 0.0000, 0.0047
dev_0769.jpg ,0.3409, 0.0000, 0.3410
dev_0770.jpg ,0.0961, 0.9539, 0.0000
dev_0771.tif ,0.6668, 0.0000, 0.6668
dev_0772.tif ,0.5021, 0.0000, 0.5021
dev_0773.tif ,0.3723, 0.0000, 0.3723
dev_0774.jpg ,0.9369, 0.9537, 0.8429
dev_0775.tif ,0.8838, 0.0000, 0.8838
dev_0776.jpg ,0.8628, 0.9604, 0.5502
dev_0777.jpg ,0.0481, 0.0481, 0.0000
dev_0778.tif ,0.0330, 0.0000, 0.0000
dev_0779.jpg ,0.8374, 0.9801, 0.8233
dev_0780.tif ,0.9889, 0.0000, 0.9889
dev_0781.jpg ,0.2499, 0.9356, 0.0054
dev_0782.tif ,0.9901, 0.0000, 0.9901
dev_0783.jpg ,0.4059, 0.9561, 0.0090
dev_0784.tif ,0.3281, 0.0000, 0.0411
dev_0785.tif ,0.6380, 0.0000, 0.6380
dev_0786.tif ,0.7367, 0.0000, 0.7367
dev_0787.jpg ,0.6569, 0.6995, 0.6511
dev_0788.jpg ,0.5284, 0.8005, 0.3586
dev_0789.tif ,0.5752, 0.0000, 0.5752
dev_0790.jpg ,0.0838, 0.0000, 0.0838
dev_0791.jpg ,0.0819, 0.0008, 0.0819
dev_0792.tif ,0.2184, 0.0000, 0.2184
dev_0793.jpg ,0.8556, 0.7641, 0.6763
dev_0794.tif ,0.5206, 0.0000, 0.5206
dev_0795.tif ,0.8907, 0.0000, 0.8907
dev_0796.tif ,0.3661, 0.0000, 0.3661
dev_0797.jpg ,0.5399, 0.9519, 0.4673
dev_0798.jpg ,0.5498, 0.0000, 0.5498
dev_0799.jpg ,0.9811, 0.9860, 0.9816
dev_0800.tif ,0.7973, 0.0000, 0.7973